Page Replacement Experiment
Instruction count: 320, virtual pages: 32, frames: 4-32

Sequential ratio: 50%
Frame    OPT      FIFO     LRU
4        0.6656   0.5687   0.5687
5        0.6906   0.5875   0.5813
6        0.7156   0.5969   0.6000
7        0.7375   0.6188   0.6219
8        0.7562   0.6312   0.6250
9        0.7719   0.6500   0.6406
10       0.7875   0.6531   0.6562
11       0.8031   0.6656   0.6781
12       0.8156   0.6906   0.6937
13       0.8250   0.7094   0.7031
14       0.8344   0.7156   0.7188
15       0.8438   0.7219   0.7281
16       0.8531   0.7281   0.7375
17       0.8625   0.7625   0.7500
18       0.8688   0.7688   0.7688
19       0.8719   0.8000   0.7812
20       0.8750   0.8063   0.7969
21       0.8781   0.8094   0.8063
22       0.8812   0.8094   0.8187
23       0.8844   0.8406   0.8375
24       0.8875   0.8375   0.8531
25       0.8906   0.8500   0.8625
26       0.8938   0.8500   0.8750
27       0.8969   0.8531   0.8812
28       0.9000   0.8625   0.8812
29       0.9000   0.8875   0.8906
30       0.9000   0.8969   0.8969
31       0.9000   0.9000   0.9000
32       0.9000   0.9000   0.9000

Sequential ratio: 25%
Frame    OPT      FIFO     LRU
4        0.5312   0.3719   0.3781
5        0.5781   0.4094   0.4094
6        0.6188   0.4375   0.4313
7        0.6531   0.4562   0.4500
8        0.6813   0.4719   0.4656
9        0.7063   0.5031   0.4906
10       0.7281   0.5156   0.5250
11       0.7500   0.5406   0.5594
12       0.7688   0.5594   0.5844
13       0.7844   0.5969   0.6031
14       0.8000   0.6188   0.6312
15       0.8125   0.6469   0.6500
16       0.8219   0.6562   0.6719
17       0.8313   0.6625   0.6969
18       0.8406   0.6937   0.7219
19       0.8500   0.7125   0.7281
20       0.8562   0.7438   0.7438
21       0.8625   0.7719   0.7594
22       0.8688   0.7937   0.7750
23       0.8750   0.8063   0.8094
24       0.8812   0.8250   0.8281
25       0.8875   0.8250   0.8469
26       0.8938   0.8375   0.8625
27       0.8969   0.8500   0.8750
28       0.9000   0.8719   0.8781
29       0.9031   0.8844   0.8844
30       0.9031   0.8938   0.8938
31       0.9031   0.9031   0.9031
32       0.9031   0.9031   0.9031

Sequential ratio: 75%
Frame    OPT      FIFO     LRU
4        0.8031   0.7469   0.7469
5        0.8219   0.7531   0.7531
6        0.8344   0.7656   0.7625
7        0.8438   0.7688   0.7719
8        0.8531   0.7750   0.7750
9        0.8625   0.7781   0.7812
10       0.8688   0.7875   0.7937
11       0.8750   0.7969   0.8063
12       0.8781   0.8187   0.8125
13       0.8812   0.8219   0.8187
14       0.8844   0.8250   0.8250
15       0.8875   0.8250   0.8281
16       0.8906   0.8250   0.8438
17       0.8938   0.8625   0.8594
18       0.8969   0.8812   0.8656
19       0.9000   0.8812   0.8719
20       0.9031   0.8812   0.8719
21       0.9031   0.8812   0.8844
22       0.9031   0.8812   0.8875
23       0.9031   0.8875   0.8938
24       0.9031   0.8875   0.8938
25       0.9031   0.8906   0.8969
26       0.9031   0.8906   0.8969
27       0.9031   0.8906   0.9000
28       0.9031   0.8906   0.9000
29       0.9031   0.9000   0.9000
30       0.9031   0.9000   0.9000
31       0.9031   0.9031   0.9031
32       0.9031   0.9031   0.9031

Extension experiment: random page stream
Frame    OPT      FIFO     LRU      CLOCK
4        0.3406   0.1219   0.1375   0.1281
5        0.4031   0.1406   0.1500   0.1406
6        0.4562   0.1625   0.1719   0.1656
7        0.5031   0.2094   0.2188   0.2094
8        0.5406   0.2469   0.2562   0.2625
9        0.5750   0.2750   0.2875   0.2812
10       0.6062   0.3063   0.3156   0.3125
11       0.6281   0.3469   0.3563   0.3531
12       0.6500   0.3656   0.3875   0.3906
13       0.6719   0.4156   0.4062   0.4250
14       0.6906   0.4875   0.4406   0.4562
15       0.7094   0.5156   0.4719   0.4813
16       0.7250   0.5250   0.5031   0.5156
17       0.7406   0.5469   0.5375   0.5500
18       0.7562   0.5656   0.5687   0.5813
19       0.7719   0.5781   0.5969   0.6156
20       0.7875   0.5906   0.6156   0.6312
21       0.8031   0.6625   0.6406   0.6406
22       0.8156   0.6875   0.6719   0.6844
23       0.8281   0.6875   0.6906   0.7125
24       0.8406   0.7094   0.7094   0.7188
25       0.8531   0.7438   0.7375   0.7438
26       0.8625   0.7438   0.7781   0.7531
27       0.8719   0.7594   0.7875   0.7781
28       0.8812   0.8250   0.8063   0.8063
29       0.8875   0.8281   0.8344   0.8406
30       0.8938   0.8500   0.8625   0.8562
31       0.9000   0.8906   0.8812   0.8938
32       0.9000   0.9000   0.9000   0.9000

Extension experiment: loop page stream
Frame    OPT      FIFO     LRU      CLOCK
4        0.6562   0.2500   0.4938   0.2500
5        0.8187   0.2500   0.4938   0.3719
6        0.9812   0.9812   0.9812   0.9812
7        0.9812   0.9812   0.9812   0.9812
8        0.9812   0.9812   0.9812   0.9812
9        0.9812   0.9812   0.9812   0.9812
10       0.9812   0.9812   0.9812   0.9812
11       0.9812   0.9812   0.9812   0.9812
12       0.9812   0.9812   0.9812   0.9812
13       0.9812   0.9812   0.9812   0.9812
14       0.9812   0.9812   0.9812   0.9812
15       0.9812   0.9812   0.9812   0.9812
16       0.9812   0.9812   0.9812   0.9812
17       0.9812   0.9812   0.9812   0.9812
18       0.9812   0.9812   0.9812   0.9812
19       0.9812   0.9812   0.9812   0.9812
20       0.9812   0.9812   0.9812   0.9812
21       0.9812   0.9812   0.9812   0.9812
22       0.9812   0.9812   0.9812   0.9812
23       0.9812   0.9812   0.9812   0.9812
24       0.9812   0.9812   0.9812   0.9812
25       0.9812   0.9812   0.9812   0.9812
26       0.9812   0.9812   0.9812   0.9812
27       0.9812   0.9812   0.9812   0.9812
28       0.9812   0.9812   0.9812   0.9812
29       0.9812   0.9812   0.9812   0.9812
30       0.9812   0.9812   0.9812   0.9812
31       0.9812   0.9812   0.9812   0.9812
32       0.9812   0.9812   0.9812   0.9812
